0.0139201
0.21222
0.42446
0.50998
0.569019
0.606819
0.62734
0.6609
0.66762
0.669559
0.688579
0.691639
0.697478
0.701179
0.698299
0.715219
0.716
0.719839
0.72396
0.721519
0.72438
0.732739
0.733379
0.737459
0.73182
0.737919
0.7416
0.7398
0.7417
0.73944
0.74248
0.74516
0.74142
0.74566
0.74328
0.74328
0.74716
0.73974
0.7516
0.750821
0.74424
0.74704
0.7546
0.7526
0.74352
0.748981
0.753961
0.75036
0.75606
0.753039
0.75146
0.75164
0.74678
0.75668
0.75584
0.756
0.75608
0.7565
0.755081
0.76188
0.751961
0.75334
0.75896
0.75526
0.757221
0.74992
0.75624
0.759601
0.7539
0.75394
0.7596
0.7581
0.761021
0.763781
0.76204
0.76138
0.76102
0.75838
0.762621
0.76324
0.758621
0.75912
0.759141
0.761041
0.76238
0.763741
0.7653
0.75568
0.763761
0.76358
0.76414
0.762241
0.763001
0.76138
0.765701
0.765401
0.7651
0.76438
0.76418
0.76114
0.762061
0.79306
0.797901
0.799502
0.800362
0.801301
0.801442
0.803161
0.803921
0.803581
0.806561
0.804681
0.805262
0.805841
0.805601
0.806682
0.806741
0.804101
0.808242
0.807081
0.808122
0.808301
0.808382
0.810042
0.808342
0.807681
0.809082
0.809861
0.807521
0.810361
0.809421
0.810041
0.808822
0.809361
0.810562
0.810641
0.808902
0.810961
0.809022
0.809302
0.808762
0.811861
0.811801
0.810341
0.808962
0.812221
0.811002
0.810061
0.814201
0.810081
0.810862
0.812481
0.809761
0.810481
0.810581
0.810401
0.812241
0.810642
0.812141
0.812681
0.811421
0.812601
0.808442
0.809481
0.810122
0.809741
0.812542
0.812681
0.811861
0.813402
0.813102
0.809962
0.810961
0.811621
0.809482
0.814262
0.811021
0.810421
0.810321
0.808641
0.811781
0.807162
0.809301
0.810561
0.808621
0.812382
0.809821
0.810861
0.808842
0.808561
0.806062
0.812181
0.809961
0.810801
0.810401
0.806661
0.810481
0.808601
0.807801
0.809441
0.809522
0.812981
0.817221
0.815542
0.815662
0.816141
0.814841
0.816482
0.816301
0.815982
0.816541
0.814541
0.815501
0.816521
0.815522
0.816981
0.816241
0.814562
0.817381
0.815621
0.814882
0.816821
0.815241
0.816821
0.817001
0.814602
0.816942
0.816101
0.815001
0.817501
0.814802
0.816661
0.816521
0.814941
0.816462
0.815541
0.814621
0.818242
0.815501
0.814862
0.816641
0.816382
0.817141
0.816621
0.815602
0.817621
0.815862
0.816521
0.816801
0.816301
0.815781
0.817361
0.815561
0.816361
0.816881
0.814521
0.816281
0.815302
0.816382
0.816101
0.814702
0.815921
0.815781
0.815401
0.8174
0.815721
0.816002
0.816941
0.815242
0.816141
0.816681
0.814802
0.816941
0.815041
0.814922
0.816381
0.814301
0.815461
0.816181
0.814501
0.816421
0.815721
0.814102
0.817021
0.815882
0.816461
0.815701
0.814462
0.816382
0.816081
0.814861
0.816602
0.816101
0.815362
0.815681
0.815681
0.815361
0.816661
0.814901
0.816322
0.816061
0.814981
0.817441
0.815181
0.816302
0.816961
0.815521
0.817121
0.816141
0.815221
0.817081
0.815321
0.815501
0.816761
0.816161
0.816882
0.816721
0.815522
0.816341
0.815761
0.815901
0.817021
0.815102
0.816401
0.816341
0.815541
0.816781
0.816481
0.815422
0.817441
0.815381
0.816422
0.816641
0.815602
0.816521
0.815841
0.815502
0.817421
0.815241
0.816341
0.816221
0.816182
0.816422
0.816761
0.815261
0.817621
0.815761
0.815441
0.817461
0.815362
0.815941
0.816821
0.815522
0.817101
0.816041
0.815741
0.816501
0.814982
0.816622
0.816721
0.816061
0.816342
0.816621
0.815442
0.816781
0.815661
0.816482
0.817141
0.815882
0.815861
0.816221
0.815662
0.816221
0.816441
0.815201
0.817961
0.815241
0.816382
0.816941
0.814982
0.816261
0.816841
0.814481
0.816801
0.815281
0.816201
0.816601
0.815981
0.817161
0.816381
0.815442
0.816721
0.816101
0.815641
0.817061
0.816161
0.816021
0.816641
0.815181
0.816681
0.816321
0.815541
0.817141
0.815602
0.816062
0.816801
0.816142
0.816281
0.816441
0.815541
0.817301
0.815861
0.816022
0.816601
0.816102
0.816021
0.816881
0.815022
0.817021
0.815901
0.815501
0.817241
