0.0139201
0.21222
0.42446
0.50998
0.569019
0.606819
0.62734
0.6609
0.66762
0.669559
0.688579
0.691639
0.697478
0.701179
0.698299
0.715219
0.716
0.719839
0.72396
0.721519
0.72438
0.732739
0.733379
0.737459
0.73182
0.737919
0.7416
0.7398
0.7417
0.73944
0.74248
0.74516
0.74142
0.74566
0.74328
0.74328
0.74716
0.73974
0.7516
0.750821
0.74424
0.74704
0.7546
0.7526
0.74352
0.748981
0.753961
0.75036
0.75606
0.753039
0.75146
0.75164
0.74678
0.75668
0.75584
0.756
0.75608
0.7565
0.755081
0.76188
0.751961
0.75334
0.75896
0.75526
0.757221
0.74992
0.75624
0.759601
0.7539
0.75394
0.7596
0.7581
0.761021
0.763781
0.76204
0.76138
0.76102
0.75838
0.762621
0.76324
0.758621
0.75912
0.759141
0.761041
0.76238
0.763741
0.7653
0.75568
0.763761
0.76358
0.76414
0.762241
0.763001
0.76138
0.765701
0.765401
0.7651
0.76438
0.76418
0.76114
0.762061
0.79306
0.797901
0.799502
0.800362
0.801301
0.801442
0.803161
0.803921
0.803581
0.806561
0.804681
0.805262
0.805841
0.805601
0.806682
0.806741
0.804101
0.808242
0.807081
0.808122
0.808301
0.808382
0.810042
0.808342
0.807681
0.809082
0.809861
0.807521
0.810361
0.809421
0.810041
0.808822
0.809361
0.810562
0.810641
0.808902
0.810961
0.809022
0.809302
0.808762
0.811861
0.811801
0.810341
0.808962
0.812221
0.811002
0.810061
0.814201
0.810081
0.810862
0.812481
0.809761
0.810481
0.810581
0.810401
0.812241
0.810642
0.812141
0.812681
0.811421
0.812601
0.808442
0.809481
0.810122
0.809741
0.812542
0.812681
0.811861
0.813402
0.813102
0.809962
0.810961
0.811621
0.809482
0.814262
0.811021
0.810421
0.810321
0.808641
0.811781
0.807162
0.809301
0.810561
0.808621
0.812382
0.809821
0.810861
0.808842
0.808561
0.806062
0.812181
0.809961
0.810801
0.810401
0.806661
0.810481
0.808601
0.807801
0.809441
0.809522
0.812981
0.817221
0.815542
0.815662
0.816141
0.814841
0.816482
0.816301
0.815982
0.816541
0.814541
0.815501
0.816521
0.815522
0.816981
0.816241
0.814562
0.817381
0.815621
0.814882
0.816821
0.815241
0.816821
0.817001
0.814602
0.816942
0.816101
0.815001
