1667380651
477803426
1776805440
370163185
1535446338
1774693506
1478334967
497857073
1822534750
1032369806
1171951703
1754985784
112011396
1741547964
1760741674
1683498485
726597986
1679432047
1719850184
1368090930
1396563118
1399353653
632138632
383784434
1164957388
262611326
317997577
1577252167
879929794
89176952
168018267
399826797
566980378
1944823708
769989982
2102426716
1572033566
100841301
452800142
1247084669
1133211107
1624751845
854586805
1245222504
1218816161
467844832
781237341
1945414147
2147276879
353603877
1166021429
1396356349
1752957530
1798160062
1780140784
770431270
2060771388
2098138361
200199790
793217534
39831665
368218057
1193044331
606812043
165558117
1963034313
561755111
1737591684
2063875615
1014555253
837192705
1049603074
491823450
1691779510
147341930
1710639612
12140694
928579271
1508570111
11933926
1282183149
527107893
1408290275
887657031
177784307
1040947411
1658088302
91072047
991602124
1858288092
884289581
1031433789
79022501
2077333912
1638245832
244580619
1892884577
52517296
1982172303
1809276544
